
function I_chart = get_I_chart()
I_chart = [0,0.000381376973726422,0.00151273826538034,...
    0.00337618892063651,0.00595537814857483,0.00923535026449796,...
    0.0132024161245459,0.0178440417851200,0.0231487517370979,...
    0.0291060445510070,0.0357063191557576,0.0429408102829676,...
    0.0508015318586057,0.0592812273265837,0.0683733260550075,...
    0.0780719051126375,0.0883716558166938,0.0992678545480756,...
    0.110756337410021,0.122833478374097,0.135496170615556,...
    0.148741810790350,0.162568286050048,0.176973963629797,...
    0.191957682879401,0.207518749639422,0.223656932893824,...
    0.240372463658643,0.257666036093317,0.275538810848042,...
    0.293992420687671,0.313028978460636,0.332651087510983,...
    0.352861854663461,0.373664905946502,0.395064405256869,...
    0.417065076213662,0.439672227499661,0.462891782046106,...
    0.486730310484891,0.511195069372104,0.536294044781777,...
    0.562036001982291,0.588430542044736,0.615488166398585,...
    0.643220350552961,0.671639628451460,0.700759689237946,...
    0.730595488597112,0.761163377319882,0.792481250360578,...
    0.824568720442400,0.857447321287597,0.891140746879380,...
    0.925675134917284,0.961079404968407,0.997385664979083,...
    1.03462970414191,1.07285159613318,1.11209644524405,...
    1.15241532017543,1.19386643825618,1.23651668987826,...
    1.28044363462610,1.32573816675614,1.37250815633860,...
    1.42088355787099,1.47102380974003,1.52312897404930,...
    1.57745733080225,1.63435491784799,1.69430931088874,...
    1.75805926714679,1.82686020744376,1.90335723909688, 1.99];
end